intrinsic:
1459.6636516625247 0.0 649.9601390789213 
0.0 1463.474342580625 370.70110629373147 
0.0 0.0 1.0 
distortion:
0.035618231704434476 -0.01160581830068395 0.005108930092472378 0.0016140890739806935 5.183421740144899 
