intrinsic:
1153.5563563502092 0.0 659.9585760016522 
0.0 1155.7770181667663 383.30507721879377 
0.0 0.0 1.0 
distortion:
0.247080124890888 -1.824193570643985 0.00637809190567098 0.000378600512471259 3.807028746652457 
